-0.556525 -0.517769 0.649765
0.471762 -0.793153 0.385161
-0.280143 0.862004 0.422456
-0.591095 -0.674777 0.441908
0.0425906 0.256992 0.965474
-0.715425 0.664756 0.215097
-0.992899 0.073018 0.093911
-0.444683 0.0784009 0.89225
0.28745 0.796729 0.531597
-0.154567 0.98797 0.00495912
0.349999 0.930455 0.108419
0.275037 0.135194 0.951881
-0.905484 0.208213 0.369792
-0.393199 0.333668 0.856773
-0.46479 -0.885015 0.0267988
-0.808298 0.0878206 0.582187
-0.344047 0.922527 0.174859
-0.51481 0.792609 0.326714
-0.55653 0.482526 0.676346
-0.321572 0.566659 0.75861
0.965201 -0.206588 0.160338
-0.653279 0.599805 0.462018
-0.133043 -0.71575 0.685567
-0.649473 -0.0225884 0.760049
0.189834 -0.974586 0.118936
0.772977 0.628896 0.0836459
0.593295 -0.790467 0.152195
-0.253346 -0.952794 0.167328
0.696799 -0.633722 0.335958
-0.0165049 -0.959579 0.280955
0.503352 0.20186 0.840172
-0.0175162 -0.263186 0.964586
0.316475 -0.742078 0.590901
0.662342 0.0135104 0.74908
0.316979 0.616609 0.720637
0.451367 0.829533 0.328851
-0.210809 0.17615 0.961525
0.832876 0.473355 0.286796
-0.246529 -0.084157 0.965474
0.779902 -0.621038 0.0778775
0.0928294 0.516603 0.851178
0 0 1
0.516621 0.668208 0.535351
-0.371339 -0.728585 0.575562
-0.827474 0.455658 0.32812
-0.563637 0.823024 0.070312
0.126066 -0.651767 0.747869
0.167753 -0.432177 0.886048
0.585041 -0.399292 0.705899
0.529923 0.462975 0.710517
0.694431 0.262084 0.670133
0.232576 -0.900512 0.367406
0.557499 -0.614715 0.557961
0.325012 0.393851 0.859796
-0.000115658 0.873043 0.487643
0.747029 -0.206005 0.632068
-0.0984363 0.960524 0.260198
0.397539 -0.306472 0.864892
0.997692 0.0336617 0.0589699
0.581725 0.809101 0.0833765
0.948894 0.0048158 0.315558
-0.0480291 -0.998797 0.00991321
0.846849 0.273096 0.456361
0.88278 -0.23189 0.408567
-0.936357 0.327607 0.126133
0.746697 -0.436316 0.502067
-0.174099 -0.865786 0.469152
0.216849 -0.144345 0.965474
0.912904 -0.408175 9.16663e-05
-0.75616 0.344378 0.55644
0.196615 0.926189 0.32174
-0.433964 0.702656 0.56387
-0.945332 -0.0472139 0.322674
0.415144 -0.909756 0.000262936
-0.897426 -0.305548 0.318224
-0.652647 -0.279358 0.70428
0.0954871 0.99174 0.0856409
0.366734 -0.543273 0.755222
-0.82939 -0.16933 0.53239
0.0694402 -0.825954 0.559445
0.664473 0.676155 0.318262
0.945049 0.247146 0.21401
-0.324008 -0.554434 0.766565
-0.468536 -0.181972 0.8645
-0.622237 -0.758233 0.194691
-0.148701 0.422422 0.894119
0.450787 -0.0504966 0.891202
-0.177865 0.750022 0.637049
-0.0776827 -0.519287 0.851062
-0.614412 0.237723 0.75232
-0.41492 -0.842757 0.342932
-0.753486 -0.419538 0.506209
-0.894048 -0.438508 0.0915941
-0.977173 -0.189274 0.0964769
0.859173 -0.443703 0.25485
-0.261591 -0.33911 0.903645
0.70517 0.486193 0.516093
-0.773436 -0.564648 0.288044
0.0784431 0.721792 0.68765
0.834159 0.0282068 0.550802
